# jobId
# beta
# cpu (milliCPU) 0   mem (byte) complTime (secs)  # run on CPU
# cpu (milliCPU) gpu mem (byte) complTime (secs) # run on GPU
# command for cpu job
# command for gpu job
#
23000 0 10 50
100 1 10 100
sleep 50
sleep 100
#
23000 0 10 50
100 1 10 100
sleep 50
sleep 100
#
23000 0 10 50
100 1 10 100
sleep 50
sleep 100
#
23000 0 10 50
100 1 10 100
sleep 50
sleep 100
#
23000 0 10 50
100 1 10 100
sleep 50
sleep 100
#
23000 0 10 50
100 1 10 100
sleep 50
sleep 100
#
23000 0 10 50
100 1 10 100
sleep 50
sleep 100
#
23000 0 10 50
100 1 10 100
sleep 50
sleep 100
#
23000 0 10 50
100 1 10 100
sleep 50
sleep 100
#
23000 0 10 50
100 1 10 100
sleep 50
sleep 100
#
23000 0 10 50
100 1 10 100
sleep 50
sleep 100
#
23000 0 10 50
100 1 10 100
sleep 50
sleep 100
#
23000 0 10 50
100 1 10 100
sleep 50
sleep 100
#
23000 0 10 50
100 1 10 100
sleep 50
sleep 100
#
23000 0 10 50
100 1 10 100
sleep 50
sleep 100
#
23000 0 10 50
100 1 10 100
sleep 50
sleep 100
#
23000 0 10 50
100 1 10 100
sleep 50
sleep 100
#
23000 0 10 50
100 1 10 100
sleep 50
sleep 100
#
23000 0 10 50
100 1 10 100
sleep 50
sleep 100
#
23000 0 10 50
100 1 10 100
sleep 50
sleep 100
#
23000 0 10 50
100 1 10 100
sleep 50
sleep 100
#
23000 0 10 50
100 1 10 100
sleep 50
sleep 100
#
23000 0 10 50
100 1 10 100
sleep 50
sleep 100
#
23000 0 10 50
100 1 10 100
sleep 50
sleep 100
#
23000 0 10 50
100 1 10 100
sleep 50
sleep 100
#
23000 0 10 50
100 1 10 100
sleep 50
sleep 100
#
23000 0 10 50
100 1 10 100
sleep 50
sleep 100
#
23000 0 10 50
100 1 10 100
sleep 50
sleep 100
#
23000 0 10 50
100 1 10 100
sleep 50
sleep 100
#
23000 0 10 50
100 1 10 100
sleep 50
sleep 100
#
23000 0 10 50
100 1 10 100
sleep 50
sleep 100
#
23000 0 10 50
100 1 10 100
sleep 50
sleep 100
#
23000 0 10 50
100 1 10 100
sleep 50
sleep 100
#
23000 0 10 50
100 1 10 100
sleep 50
sleep 100
#
23000 0 10 50
100 1 10 100
sleep 50
sleep 100
#
23000 0 10 50
100 1 10 100
sleep 50
sleep 100
#
23000 0 10 50
100 1 10 100
sleep 50
sleep 100
#
23000 0 10 50
100 1 10 100
sleep 50
sleep 100
#
23000 0 10 50
100 1 10 100
sleep 50
sleep 100
#
23000 0 10 50
100 1 10 100
sleep 50
sleep 100
#
23000 0 10 50
100 1 10 100
sleep 50
sleep 100
#
23000 0 10 50
100 1 10 100
sleep 50
sleep 100
#
23000 0 10 50
100 1 10 100
sleep 50
sleep 100
#
23000 0 10 50
100 1 10 100
sleep 50
sleep 100
#
23000 0 10 50
100 1 10 100
sleep 50
sleep 100
#
23000 0 10 50
100 1 10 100
sleep 50
sleep 100
#
23000 0 10 50
100 1 10 100
sleep 50
sleep 100
#
23000 0 10 50
100 1 10 100
sleep 50
sleep 100
#
23000 0 10 50
100 1 10 100
sleep 50
sleep 100
#
23000 0 10 50
100 1 10 100
sleep 50
sleep 100
#
23000 0 10 50
100 1 10 100
sleep 50
sleep 100
#
23000 0 10 50
100 1 10 100
sleep 50
sleep 100
#
23000 0 10 50
100 1 10 100
sleep 50
sleep 100
#
23000 0 10 50
100 1 10 100
sleep 50
sleep 100
#
23000 0 10 50
100 1 10 100
sleep 50
sleep 100
#
23000 0 10 50
100 1 10 100
sleep 50
sleep 100
#
23000 0 10 50
100 1 10 100
sleep 50
sleep 100
#
23000 0 10 50
100 1 10 100
sleep 50
sleep 100
#
23000 0 10 50
100 1 10 100
sleep 50
sleep 100
#
23000 0 10 50
100 1 10 100
sleep 50
sleep 100
#
23000 0 10 50
100 1 10 100
sleep 50
sleep 100
#
23000 0 10 50
100 1 10 100
sleep 50
sleep 100
#
23000 0 10 50
100 1 10 100
sleep 50
sleep 100
#
23000 0 10 50
100 1 10 100
sleep 50
sleep 100
#
23000 0 10 50
100 1 10 100
sleep 50
sleep 100
#
23000 0 10 50
100 1 10 100
sleep 50
sleep 100
#
23000 0 10 50
100 1 10 100
sleep 50
sleep 100
#
23000 0 10 50
100 1 10 100
sleep 50
sleep 100
#
23000 0 10 50
100 1 10 100
sleep 50
sleep 100
#
23000 0 10 50
100 1 10 100
sleep 50
sleep 100
#
23000 0 10 50
100 1 10 100
sleep 50
sleep 100
#
23000 0 10 50
100 1 10 100
sleep 50
sleep 100
#
23000 0 10 50
100 1 10 100
sleep 50
sleep 100
#
23000 0 10 50
100 1 10 100
sleep 50
sleep 100
#
23000 0 10 50
100 1 10 100
sleep 50
sleep 100
#
23000 0 10 50
100 1 10 100
sleep 50
sleep 100
#
23000 0 10 50
100 1 10 100
sleep 50
sleep 100
#
23000 0 10 50
100 1 10 100
sleep 50
sleep 100
#
23000 0 10 50
100 1 10 100
sleep 50
sleep 100
#
23000 0 10 50
100 1 10 100
sleep 50
sleep 100
#
23000 0 10 50
100 1 10 100
sleep 50
sleep 100