# 0 user3-30 1
1 0 1 0 queue0
stage -1.0 20.0 3 507 1 2 390 1
0
# 1 user4-34 1
1 1 1 0 queue1
stage -1.0 20.0 16 7531 1 2 791 1
0
# 2 user3-30 3
1 2 1 0 queue2
stage -1.0 20.0 9 1522 1 2 1170 1
0
# 3 user4-34 1
1 3 1 0 queue3
stage -1.0 20.0 7 7531 1 2 791 1
0
# 4 user1-10 1
1 4 1 0 queue0
stage -1.0 20.0 4 597 1 2 247 1
0
# 5 user4-35 1
1 5 1 0 queue1
stage -1.0 20.0 16 6454 1 2 814 1
0
# 6 user3-30 3
1 6 1 0 queue2
stage -1.0 20.0 8 1522 1 2 1170 1
0
# 7 user4-35 1
1 7 1 0 queue3
stage -1.0 20.0 7 6454 1 2 814 1
0
# 8 user4-39 1
1 8 1 0 queue0
stage -1.0 20.0 7 743 1 2 317 1
0
# 9 user3-23 1
1 9 1 0 queue1
stage -1.0 20.0 16 6350 1 2 887 1
0
# 10 user3-30 3
1 10 1 0 queue2
stage -1.0 20.0 8 1522 1 2 1170 1
0
# 11 user3-23 1
1 11 1 0 queue3
stage -1.0 20.0 7 6350 1 2 887 1
0
# 12 user2-11 1
1 12 1 0 queue0
stage -1.0 20.0 24 1054 1 2 628 1
0
# 13 user2-12 1
1 13 1 0 queue1
stage -1.0 20.0 16 5731 1 2 785 1
0
# 14 user3-30 3
1 14 1 0 queue2
stage -1.0 20.0 8 1522 1 2 1170 1
0
# 15 user2-12 1
1 15 1 0 queue3
stage -1.0 20.0 7 5731 1 2 785 1
0
# 16 user3-30 1
1 16 1 0 queue0
stage -1.0 20.0 41 507 1 2 390 1
0
# 17 user4-33 1
1 17 1 0 queue1
stage -1.0 20.0 16 3695 1 2 462 1
0
# 18 user3-30 3
1 18 1 0 queue2
stage -1.0 20.0 8 1522 1 2 1170 1
0
# 19 user4-33 1
1 19 1 0 queue3
stage -1.0 20.0 7 3695 1 2 462 1
0
# 20 user3-30 1
1 20 1 0 queue0
stage -1.0 20.0 41 507 1 2 390 1
0
# 21 user4-33 1
1 21 1 0 queue1
stage -1.0 20.0 16 3695 1 2 462 1
0
# 22 user3-30 3
1 22 1 0 queue2
stage -1.0 20.0 8 1522 1 2 1170 1
0
# 23 user4-33 1
1 23 1 0 queue3
stage -1.0 20.0 7 3695 1 2 462 1
0
# 24 user4-39 1
1 24 1 0 queue0
stage -1.0 20.0 24 743 1 2 317 1
0
# 25 user4-33 1
1 25 1 0 queue1
stage -1.0 20.0 16 3695 1 2 462 1
0
# 26 user3-30 3
1 26 1 0 queue2
stage -1.0 20.0 8 1522 1 2 1170 1
0
# 27 user4-35 1
1 27 1 0 queue3
stage -1.0 20.0 7 6454 1 2 814 1
0
# 28 user2-11 1
1 28 1 0 queue0
stage -1.0 20.0 7 1053 1 2 628 1
0
# 29 user4-33 1
1 29 1 0 queue1
stage -1.0 20.0 16 3695 1 2 462 1
0
# 30 user3-30 3
1 30 1 0 queue2
stage -1.0 20.0 8 1522 1 2 1170 1
0
# 31 user3-23 1
1 31 1 0 queue3
stage -1.0 20.0 7 6350 1 2 887 1
0
# 32 user3-30 1
1 32 1 0 queue0
stage -1.0 20.0 24 507 1 2 390 1
0
# 33 user4-33 1
1 33 1 0 queue1
stage -1.0 20.0 16 3695 1 2 462 1
0
# 34 user3-30 3
1 34 1 0 queue2
stage -1.0 20.0 8 1522 1 2 1170 1
0
# 35 user2-12 1
1 35 1 0 queue3
stage -1.0 20.0 7 5731 1 2 785 1
0
# 36 user1-10 1
1 36 1 0 queue0
stage -1.0 20.0 41 597 1 2 247 1
0
# 37 user4-33 1
1 37 1 0 queue1
stage -1.0 20.0 16 3695 1 2 462 1
0
# 38 user3-30 3
1 38 1 0 queue2
stage -1.0 20.0 41 1522 1 2 1170 1
0
# 39 user4-33 1
1 39 1 0 queue3
stage -1.0 20.0 7 3695 1 2 462 1
0
