# 0
1 0 1 0 queue0
stage -1.0 20.0 4 2200 1 2 3142 1
0
# 1
1 1 1 0 queue1
stage -1.0 20.0 4 3300 1 2 330 1
0
# 2
1 2 1 0 queue2
stage -1.0 20.0 6 3300 1 2 1320 1
0
# 3
1 3 1 0 queue3
stage -1.0 20.0 6 3300 1 2 1100 1
0
# 4
1 4 1 0 queue0
stage -1.0 20.0 6 2200 1 2 3143 1
0
# 5
1 5 1 0 queue1
stage -1.0 20.0 4 3300 1 2 330 1
0
# 6
1 6 1 0 queue2
stage -1.0 20.0 6 3300 1 2 990 1
0
# 7
1 7 1 0 queue3
stage -1.0 20.0 7 1320 1 2 1100 1
0
# 8
1 8 1 0 queue0
stage -1.0 20.0 7 550 1 2 785 1
0
# 9
1 9 1 0 queue1
stage -1.0 20.0 4 3300 1 2 330 1
0
# 10
1 10 1 0 queue2
stage -1.0 20.0 4 3300 1 2 1100 1
0
# 11
1 11 1 0 queue3
stage -1.0 20.0 7 2200 1 2 1100 1
0
# 12
1 12 1 0 queue0
stage -1.0 20.0 4 770 1 2 1100 1
0
# 13
1 13 1 0 queue1
stage -1.0 20.0 6 3300 1 2 330 1
0
# 14
1 14 1 0 queue2
stage -1.0 20.0 7 3520 1 2 1210 1
0
# 15
1 15 1 0 queue3
stage -1.0 20.0 7 3300 1 2 1650 1
0
# 16
1 16 1 0 queue0
stage -1.0 20.0 6 1540 1 2 2200 1
0
# 17
1 17 1 0 queue1
stage -1.0 20.0 4 3300 1 2 440 1
0
# 18
1 18 1 0 queue2
stage -1.0 20.0 6 3300 1 2 1650 1
0
# 19
1 19 1 0 queue3
stage -1.0 20.0 4 2640 1 2 2200 1
0
# 20
1 20 1 0 queue0
stage -1.0 20.0 3 1100 1 2 1572 1
0
# 21
1 21 1 0 queue1
stage -1.0 20.0 6 3300 1 2 330 1
0
# 22
1 22 1 0 queue2
stage -1.0 20.0 9 3300 1 2 1100 1
0
# 23
1 23 1 0 queue3
stage -1.0 20.0 7 2200 1 2 1100 1
0
# 24
1 24 1 0 queue0
stage -1.0 20.0 4 1100 1 2 1572 1
0
# 25
1 25 1 0 queue1
stage -1.0 20.0 4 3300 1 2 330 1
0
# 26
1 26 1 0 queue2
stage -1.0 20.0 4 660 1 2 660 1
0
# 27
1 27 1 0 queue3
stage -1.0 20.0 7 2640 1 2 1100 1
0
# 28
1 28 1 0 queue0
stage -1.0 20.0 7 550 1 2 785 1
0
# 29
1 29 1 0 queue1
stage -1.0 20.0 4 3300 1 2 330 1
0
# 30
1 30 1 0 queue2
stage -1.0 20.0 4 880 1 2 880 1
0
# 31
1 31 1 0 queue3
stage -1.0 20.0 7 2640 1 2 990 1
0
# 32
1 32 1 0 queue0
stage -1.0 20.0 4 770 1 2 1100 1
0
# 33
1 33 1 0 queue1
stage -1.0 20.0 8 3300 1 2 330 1
0
# 34
1 34 1 0 queue2
stage -1.0 20.0 7 770 1 2 770 1
0
# 35
1 35 1 0 queue3
stage -1.0 20.0 7 3300 1 2 1100 1
0
# 36
1 36 1 0 queue0
stage -1.0 20.0 4 1540 1 2 2200 1
0
# 37
1 37 1 0 queue1
stage -1.0 20.0 6 3300 1 2 440 1
0
# 38
1 38 1 0 queue2
stage -1.0 20.0 6 880 1 2 880 1
0
# 39
1 39 1 0 queue3
stage -1.0 20.0 7 550 1 2 880 1
0
