# 0
1 0 1 0 queue0
stage -1.0 20.0 3 2000 1 2 2857 1
0
# 1
1 1 1 0 queue1
stage -1.0 20.0 16 3000 1 2 1000 1
0
# 2
1 2 1 0 queue2
stage -1.0 20.0 19 3000 1 2 1200 1
0
# 3
1 3 1 0 queue3
stage -1.0 20.0 7 3000 1 2 300 1
0
# 4
1 4 1 0 queue0
stage -1.0 20.0 24 1000 1 2 1429 1
0
# 5
1 5 1 0 queue1
stage -1.0 20.0 24 1200 1 2 1000 1
0
# 6
1 6 1 0 queue2
stage -1.0 20.0 24 3000 1 2 900 1
0
# 7
1 7 1 0 queue3
stage -1.0 20.0 7 3000 1 2 300 1
0
# 8
1 8 1 0 queue0
stage -1.0 20.0 7 500 1 2 714 1
0
# 9
1 9 1 0 queue1
stage -1.0 20.0 24 2000 1 2 1000 1
0
# 10
1 10 1 0 queue2
stage -1.0 20.0 24 3000 1 2 1000 1
0
# 11
1 11 1 0 queue3
stage -1.0 20.0 7 3000 1 2 300 1
0
# 12
1 12 1 0 queue0
stage -1.0 20.0 24 700 1 2 1000 1
0
# 13
1 13 1 0 queue1
stage -1.0 20.0 41 3000 1 2 1500 1
0
# 14
1 14 1 0 queue2
stage -1.0 20.0 7 3200 1 2 1100 1
0
# 15
1 15 1 0 queue3
stage -1.0 20.0 7 3000 1 2 300 1
0
# 16
1 16 1 0 queue0
stage -1.0 20.0 41 1400 1 2 2000 1
0
# 17
1 17 1 0 queue1
stage -1.0 20.0 37 2400 1 2 2000 1
0
# 18
1 18 1 0 queue2
stage -1.0 20.0 41 3000 1 2 1500 1
0
# 19
1 19 1 0 queue3
stage -1.0 20.0 7 3000 1 2 400 1
0
# 20
1 20 1 0 queue0
stage -1.0 20.0 3 2000 1 2 2857 1
0
# 21
1 21 1 0 queue1
stage -1.0 20.0 16 2000 1 2 1000 1
0
# 22
1 22 1 0 queue2
stage -1.0 20.0 19 3000 1 2 1000 1
0
# 23
1 23 1 0 queue3
stage -1.0 20.0 7 3000 1 2 300 1
0
# 24
1 24 1 0 queue0
stage -1.0 20.0 24 1000 1 2 1429 1
0
# 25
1 25 1 0 queue1
stage -1.0 20.0 24 2400 1 2 1000 1
0
# 26
1 26 1 0 queue2
stage -1.0 20.0 24 600 1 2 600 1
0
# 27
1 27 1 0 queue3
stage -1.0 20.0 7 3000 1 2 300 1
0
# 28
1 28 1 0 queue0
stage -1.0 20.0 7 500 1 2 714 1
0
# 29
1 29 1 0 queue1
stage -1.0 20.0 24 2400 1 2 900 1
0
# 30
1 30 1 0 queue2
stage -1.0 20.0 24 800 1 2 800 1
0
# 31
1 31 1 0 queue3
stage -1.0 20.0 7 3000 1 2 300 1
0
# 32
1 32 1 0 queue0
stage -1.0 20.0 24 700 1 2 1000 1
0
# 33
1 33 1 0 queue1
stage -1.0 20.0 41 3000 1 2 1000 1
0
# 34
1 34 1 0 queue2
stage -1.0 20.0 7 700 1 2 700 1
0
# 35
1 35 1 0 queue3
stage -1.0 20.0 7 3000 1 2 300 1
0
# 36
1 36 1 0 queue0
stage -1.0 20.0 41 1400 1 2 2000 1
0
# 37
1 37 1 0 queue1
stage -1.0 20.0 37 500 1 2 800 1
0
# 38
1 38 1 0 queue2
stage -1.0 20.0 41 800 1 2 800 1
0
# 39
1 39 1 0 queue3
stage -1.0 20.0 7 3000 1 2 400 1
0