# jobId
# beta
# cpu (milliCPU) 0   mem (byte) complTime (secs)  # run on CPU
# cpu (milliCPU) gpu mem (byte) complTime (secs) # run on GPU
# command to run the job
#
23000 0 10 100
100 1 10 10
sleep 100
sleep 10
#
23000 0 10 100
100 1 10 10
sleep 100
sleep 10
#
23000 0 10 100
100 1 10 10
sleep 100
sleep 10
#
23000 0 10 100
100 1 10 10
sleep 100
sleep 10
#
23000 0 10 100
100 1 10 10
sleep 100
sleep 10
#
23000 0 10 100
100 1 10 10
sleep 100
sleep 10
#
23000 0 10 100
100 1 10 10
sleep 100
sleep 10
#
23000 0 10 100
100 1 10 10
sleep 100
sleep 10
#
23000 0 10 100
100 1 10 10
sleep 100
sleep 10
#
23000 0 10 100
100 1 10 10
sleep 100
sleep 10
#
23000 0 10 100
100 1 10 10
sleep 100
sleep 10
#
23000 0 10 100
100 1 10 10
sleep 100
sleep 10
#
23000 0 10 100
100 1 10 10
sleep 100
sleep 10
#
23000 0 10 100
100 1 10 10
sleep 100
sleep 10
#
23000 0 10 100
100 1 10 10
sleep 100
sleep 10
#
23000 0 10 100
100 1 10 10
sleep 100
sleep 10
#
23000 0 10 100
100 1 10 10
sleep 100
sleep 10
#
23000 0 10 100
100 1 10 10
sleep 100
sleep 10
#
23000 0 10 100
100 1 10 10
sleep 100
sleep 10
#
23000 0 10 100
100 1 10 10
sleep 100
sleep 10
#
23000 0 10 100
100 1 10 10
sleep 100
sleep 10
#
23000 0 10 100
100 1 10 10
sleep 100
sleep 10
#
23000 0 10 100
100 1 10 10
sleep 100
sleep 10
#
23000 0 10 100
100 1 10 10
sleep 100
sleep 10
#
23000 0 10 100
100 1 10 10
sleep 100
sleep 10
#
23000 0 10 100
100 1 10 10
sleep 100
sleep 10
#
23000 0 10 100
100 1 10 10
sleep 100
sleep 10
#
23000 0 10 100
100 1 10 10
sleep 100
sleep 10
#
23000 0 10 100
100 1 10 10
sleep 100
sleep 10
#
23000 0 10 100
100 1 10 10
sleep 100
sleep 10
#
23000 0 10 100
100 1 10 10
sleep 100
sleep 10
#
23000 0 10 100
100 1 10 10
sleep 100
sleep 10
#
23000 0 10 100
100 1 10 10
sleep 100
sleep 10
#
23000 0 10 100
100 1 10 10
sleep 100
sleep 10
#
23000 0 10 100
100 1 10 10
sleep 100
sleep 10
#
23000 0 10 100
100 1 10 10
sleep 100
sleep 10
#
23000 0 10 100
100 1 10 10
sleep 100
sleep 10
#
23000 0 10 100
100 1 10 10
sleep 100
sleep 10
#
23000 0 10 100
100 1 10 10
sleep 100
sleep 10
#
23000 0 10 100
100 1 10 10
sleep 100
sleep 10
#
23000 0 10 100
100 1 10 10
sleep 100
sleep 10
#
23000 0 10 100
100 1 10 10
sleep 100
sleep 10
#
23000 0 10 100
100 1 10 10
sleep 100
sleep 10
#
23000 0 10 100
100 1 10 10
sleep 100
sleep 10
#
23000 0 10 100
100 1 10 10
sleep 100
sleep 10
#
23000 0 10 100
100 1 10 10
sleep 100
sleep 10
#
23000 0 10 100
100 1 10 10
sleep 100
sleep 10
#
23000 0 10 100
100 1 10 10
sleep 100
sleep 10
#
23000 0 10 100
100 1 10 10
sleep 100
sleep 10
#
23000 0 10 100
100 1 10 10
sleep 100
sleep 10
#
23000 0 10 100
100 1 10 10
sleep 100
sleep 10
#
23000 0 10 100
100 1 10 10
sleep 100
sleep 10
#
23000 0 10 100
100 1 10 10
sleep 100
sleep 10
#
23000 0 10 100
100 1 10 10
sleep 100
sleep 10
#
23000 0 10 100
100 1 10 10
sleep 100
sleep 10
#
23000 0 10 100
100 1 10 10
sleep 100
sleep 10
#
23000 0 10 100
100 1 10 10
sleep 100
sleep 10
#
23000 0 10 100
100 1 10 10
sleep 100
sleep 10
#
23000 0 10 100
100 1 10 10
sleep 100
sleep 10
#
23000 0 10 100
100 1 10 10
sleep 100
sleep 10
#
23000 0 10 100
100 1 10 10
sleep 100
sleep 10
#
23000 0 10 100
100 1 10 10
sleep 100
sleep 10
#
23000 0 10 100
100 1 10 10
sleep 100
sleep 10
#
23000 0 10 100
100 1 10 10
sleep 100
sleep 10
#
23000 0 10 100
100 1 10 10
sleep 100
sleep 10
#
23000 0 10 100
100 1 10 10
sleep 100
sleep 10
#
23000 0 10 100
100 1 10 10
sleep 100
sleep 10
#
23000 0 10 100
100 1 10 10
sleep 100
sleep 10
#
23000 0 10 100
100 1 10 10
sleep 100
sleep 10
#
23000 0 10 100
100 1 10 10
sleep 100
sleep 10
#
23000 0 10 100
100 1 10 10
sleep 100
sleep 10
#
23000 0 10 100
100 1 10 10
sleep 100
sleep 10
#
23000 0 10 100
100 1 10 10
sleep 100
sleep 10
#
23000 0 10 100
100 1 10 10
sleep 100
sleep 10
#
23000 0 10 100
100 1 10 10
sleep 100
sleep 10
#
23000 0 10 100
100 1 10 10
sleep 100
sleep 10
#
23000 0 10 100
100 1 10 10
sleep 100
sleep 10
#
23000 0 10 100
100 1 10 10
sleep 100
sleep 10
#
23000 0 10 100
100 1 10 10
sleep 100
sleep 10
#
23000 0 10 100
100 1 10 10
sleep 100
sleep 10
#
23000 0 10 100
100 1 10 10
sleep 100
sleep 10
#
23000 0 10 100
100 1 10 10
sleep 100
sleep 10
#
23000 0 10 100
100 1 10 10
sleep 100
sleep 10
#
23000 0 10 100
100 1 10 10
sleep 100
sleep 10
#
23000 0 10 100
100 1 10 10
sleep 100
sleep 10
#
23000 0 10 100
100 1 10 10
sleep 100
sleep 10
#
23000 0 10 100
100 1 10 10
sleep 100
sleep 10
#
23000 0 10 100
100 1 10 10
sleep 100
sleep 10
#
23000 0 10 100
100 1 10 10
sleep 100
sleep 10
#
23000 0 10 100
100 1 10 10
sleep 100
sleep 10