# 0 user1-6 0.9
1 0 1 0 queue0
stage -1.0 20.0 4 1870 1 2 1128 1
0
# 1 user1-6 0.4
1 1 1 0 queue1
stage -1.0 20.0 4 831 1 2 501 1
0
# 2 user2-7 3
1 2 1 0 queue2
stage -1.0 20.0 6 4043 1 2 1160 1
0
# 3 user3-13 2
1 3 1 0 queue3
stage -1.0 20.0 6 3063 1 2 489 1
0
# 4 user1-6 0.9
1 4 1 0 queue0
stage -1.0 20.0 4 1870 1 2 1128 1
0
# 5 user3-14 2
1 5 1 0 queue1
stage -1.0 20.0 4 4678 1 2 615 1
0
# 6 user2-8 1.4
1 6 1 0 queue2
stage -1.0 20.0 6 3278 1 2 743 1
0
# 7 user3-13 2
1 7 1 0 queue3
stage -1.0 20.0 7 3063 1 2 489 1
0
# 8 user1-6 0.9
1 8 1 0 queue0
stage -1.0 20.0 4 1870 1 2 1128 1
0
# 9 user3-12 3
1 9 1 0 queue1
stage -1.0 20.0 4 3343 1 2 618 1
0
# 10 user2-9 1
1 10 1 0 queue2
stage -1.0 20.0 4 4328 1 2 777 1
0
# 11 user3-13 2
1 11 1 0 queue3
stage -1.0 20.0 7 3063 1 2 489 1
0
# 12 user1-6 0.9
1 12 1 0 queue0
stage -1.0 20.0 4 1870 1 2 1128 1
0
# 13 user2-7 2
1 13 1 0 queue1
stage -1.0 20.0 6 2695 1 2 773 1
0
# 14 user2-7 2
1 14 1 0 queue2
stage -1.0 20.0 7 2695 1 2 773 1
0
# 15 user3-15 1.6
1 15 1 0 queue3
stage -1.0 20.0 4 6255 1 2 681 1
0
# 16 user1-6 0.9
1 16 1 0 queue0
stage -1.0 20.0 4 1870 1 2 1128 1
0
# 17 user2-7 2
1 17 1 0 queue1
stage -1.0 20.0 6 2695 1 2 773 1
0
# 18 user1-4 2
1 18 1 0 queue2
stage -1.0 20.0 6 807 1 2 1062 1
0
# 19 user3-15 1.6
1 19 1 0 queue3
stage -1.0 20.0 4 6255 1 2 681 1
0
# 20 user1-6 0.9
1 20 1 0 queue0
stage -1.0 20.0 4 1870 1 2 1128 1
0
# 21 user2-7 2
1 21 1 0 queue1
stage -1.0 20.0 6 2695 1 2 773 1
0
# 22 user1-3 3
1 22 1 0 queue2
stage -1.0 20.0 6 716 1 2 1015 1
0
# 23 user2-9 1
1 23 1 0 queue3
stage -1.0 20.0 6 4327 1 2 777 1
0
# 24 user1-6 0.9
1 24 1 0 queue0
stage -1.0 20.0 4 1870 1 2 1128 1
0
# 25 user1-5 1
1 25 1 0 queue1
stage -1.0 20.0 4 1376 1 2 650 1
0
# 26 user1-5 2
1 26 1 0 queue2
stage -1.0 20.0 6 2751 1 2 1301 1
0
# 27 user2-9 1
1 27 1 0 queue3
stage -1.0 20.0 7 4327 1 2 777 1
0
# 28 user1-6 0.9
1 28 1 0 queue0
stage -1.0 20.0 4 1870 1 2 1128 1
0
# 29 user1-5 1
1 29 1 0 queue1
stage -1.0 20.0 4 1376 1 2 650 1
0
# 30 user1-5 2
1 30 1 0 queue2
stage -1.0 20.0 4 2751 1 2 1301 1
0
# 31 user2-8 2
1 31 1 0 queue3
stage -1.0 20.0 7 4686 1 2 1061 1
0
# 32 user1-6 0.9
1 32 1 0 queue0
stage -1.0 20.0 4 1870 1 2 1128 1
0
# 33 user1-5 1
1 33 1 0 queue1
stage -1.0 20.0 6 1376 1 2 650 1
0
# 34 user2-7 2
1 34 1 0 queue2
stage -1.0 20.0 7 2695 1 2 773 1
0
# 35 user1-3 1.3
1 35 1 0 queue3
stage -1.0 20.0 7 310 1 2 440 1
0
# 36 user1-4 1
1 36 1 0 queue0
stage -1.0 20.0 4 404 1 2 531 1
0
# 37 user1-5 2
1 37 1 0 queue1
stage -1.0 20.0 4 2751 1 2 1301 1
0
# 38 user1-4 1.2
1 38 1 0 queue2
stage -1.0 20.0 6 484 1 2 638 1
0
# 39 user2-11 0.25
1 39 1 0 queue3
stage -1.0 20.0 4 4268 1 2 609 1
0